01111111111111111
01110110110010011
01011001010100100
01001101111000011
01011101110001111
01110000111101011
01101010000101010
01001000110010001
00101010001101010
00100111001100001
00110111011110110
00111011100000010
00100001010010101
11111001100100100
11100100011110101
11101100010011110
11111001101110001
11101111000110010
11001011001101111
10101010110110100
10100111011011110
10111001100110001
11000001111001110
10101101100101011
10001100100001000
10000000000000000
10001111100101001
10100111111100001
10101001110100010
10010010111011010
10000000000000000
10001001001011101
10101001011111100
11000000111100010
10111011110101101
10101001000100001
10101000101000000
11000110010000010
11101011100110100
11111010000110100
11101110011001011
11100100000101000
11110101010111010
00011100011001011
00111001110111111
00111001010011111
00101000101110010
00101000001000001
01000100000101111
01100110111101001
01110001111001101
01100000101110000
01001110100110010
01010110010111101
01110011001100001
01111111111111111
01111010001001100
01011100100101101
01001101101001010
01011010111001101
01101111100100001
01101100110000000
01001101100001101
00101100110001010
00100101111111100
00110101011100000
00111100100111001
00100101111100110
11111110000110101
11100101011000100
11101010010100010
11111000111011000
11110010001001110
11010000001111010
10101101100101010
10100110001011010
10110111001011100
11000010010111010
10110001011101000
10010000001011111
10000000000000000
10001100010111010
10100101101010110
10101011010000110
10010110010101000
10000000100100000
10000110001111010
10100101001111100
10111111011110110
10111101110101111
10101011000000110
10100110111010111
11000001011011001
11100111101101010
11111010000001100
11110000100000101
11100100001010000
11110001100010010
00010111010101101
00110111101110000
00111010110111010
00101010100010011
00100110100010110
00111111100001011
01100011011010101
01110010010110111
01100011101001010
01001111110001001
01010011110010010
01101111011011000
01111111111111111
01111101001101000
01100000000111010
01001101111001100
01011000001001101
01101101110000111
01101110111011001
01010010001111011
00101111110010010
00100101001011110
00110011010000001
00111101001100110
00101010010011111
00000010111001100
11100110110011011
11101000011111101
11110111110000000
11110100101111000
11010101001111111
10110000110010001
10100101010110000
10110100101010010
11000010010101011
10110101000010010
10010100001000010
10000000000000000
10001001010110011
10100011000011010
10101100001111100
10011001101101101
10000010001010000
10000011101110111
10100000111010001
10111101100010001
10111111100010110
10101101001101110
10100101101111110
10111100110011001
11100011011101101
11111001011101101
